door(hole560460) -52.7394396416845 16.8504814499114 69.8818897637795 -49.4585997466713 22.2979029945847 76.7716535433073
door(hole560460) -42.7000695629443 16.8504814499113 69.8818897637795 -39.4192296679312 22.2979029945847 76.7716535433073
door(hole560346) -59.9966574894535 16.8504814499114 69.8818897637795 -56.7158175944404 22.2979029945848 76.7716535433073
door(hole560346) -70.0229042086137 16.8504814499114 69.8818897637795 -66.7420643136005 22.2979029945848 76.7716535433073
door(hole559531) -69.1042690380099 24.5288743274684 69.8818897637795 -65.8234291429968 29.9762958721417 76.7716535433073
door(hole559531) -105.265686360845 24.5288743274685 69.8818897637795 -101.984846465831 29.9762958721419 76.7716535433073
door(hole560230) -98.8286784868461 16.8504816576239 69.8818897637795 -95.5478385916654 22.2979032023982 76.7716535433073
door(hole560230) -128.864767725691 16.850481658548 69.8818897637795 -125.583927830511 22.2979032033223 76.7716535433073
door(hole559531) -139.648888460582 24.5288743274686 69.8818897637795 -136.368048565569 29.976295872142 76.7716535433073
door(hole560230) -145.94482021913 16.8504816590735 69.8818897637795 -142.663980323949 22.2979032038478 76.7716535433073
door(hole560230) -155.97762861808 16.8504816593822 69.8818897637795 -152.696788722899 22.2979032041565 76.7716535433073
door(hole559531) -43.0478385918157 26.0708690781245 69.8818897637795 -36.4861588017894 29.5813677657885 76.7716535433073
door(hole439120) 20.8153518857735 19.8864858269041 69.8818897637795 24.670338762414 27.0387167980327 76.7716535433073
door(hole561909) -32.5557126075637 20.8215252461035 69.8818897637795 -29.3392621914993 26.0708690781245 76.7716535433073
door(hole560460) -25.549008770271 16.7532835720124 69.8818897637795 -21.6120008962552 22.2979029945846 76.7716535433009
door(hole573788) -17.4453342295886 16.8504819514407 69.8818897637795 -14.4925783240767 22.2979034961141 76.771653543307
door(hole574628) 9.82453677963882 12.1588805319504 69.8818897637795 13.105376674652 17.6063020766238 76.771653543307
door(hole574628) -3.75351640519838 12.8478569099032 69.8818897637795 -0.735143701786287 16.0643073259677 76.8438320209912
door(hole574628) 3.36590616698011 12.8478569099032 69.8818897637795 6.3842788703922 16.0643073259676 76.8438320209912
door(hole560230) -121.614111557712 16.8504816583249 69.8818897637795 -118.333271662532 22.2979032030992 76.771653543307
door(hole917634) -161.010022442415 21.0839924405181 69.8818897637795 -157.744359427926 25.0210003145339 77.0997375328083
door(hole437831) -164.675133705954 15.1608490868658 69.8818897637795 -161.23025181619 19.1154884793082 76.7716535433073
wall(obstacle293840) -54.8900287192688 0.74278509145453 69.8818897637795 -54.3979027350168 17.4750685560033 81.1187664041995
wall(obstacle437148) -160.607186895252 34.6010527845958 69.8818897637795 -160.115060911 47.8228375847711 81.6929133858268
wall(obstacle437233) -172.344096958742 34.6010527845958 69.8818897637795 -160.361123903126 35.0931787688478 81.6929133858268
wall(obstacle437317) -172.344096958742 28.3838611583659 69.8818897637795 -171.85197097449 34.8471157767218 81.6929133858268
wall(obstacle437375) -172.754201945597 28.1377981662399 69.8818897637795 -171.85197097449 28.6299241504919 81.6929133858268
wall(obstacle437468) -172.754201945597 16.818900577071 69.8818897637795 -172.262075961345 28.3838611583659 81.6929133858268
wall(obstacle437525) -172.508138953471 16.818900577071 69.8818897637795 -166.028480162459 17.311026561323 81.1187664041995
wall(obstacle437587) -166.520606146711 17.0649635691969 69.8818897637795 -166.028480162459 19.1154884793082 81.1187664041995
wall(obstacle437831) -166.274543154585 18.6233624950562 69.8818897637795 -159.630842367558 19.1154884793082 81.1187664041995
wall(obstacle437989) -159.630842367558 0.742785091453626 69.8818897637795 -159.138716383306 17.4750685560037 81.1187664041995
wall(obstacle438727) -160.610993077465 -3.3582647773123 69.8818897637795 -32.4080748119272 -1.88188682455598 81.6929133858268
wall(obstacle438842) -32.6541378040532 -4.34251680643162 69.8818897637795 -32.1620118198012 -1.88188682455639 81.6929133858268
wall(obstacle438989) -32.4080748119272 -4.3425168064318 69.8818897637795 21.3074778700254 -3.85039082217965 81.6929133858268
wall(obstacle439120) 20.8153518857735 -4.09645381430581 69.8818897637795 21.3074778700255 31.2545960631246 81.1187664041995
wall(obstacle439334) -18.0708029969705 31.0085330709987 69.8818897637795 -17.5786770127185 47.8228375847707 81.6929133858268
wall(obstacle439435) -160.361123903126 46.3464596320148 69.8818897637795 -17.8247400048445 47.8228375847711 81.6929133858268
wall(obstacle559376) -18.0708029969705 26.0708690781244 69.8818897637795 -17.5786770127186 31.0085330709987 81.1187664041995
wall(obstacle559531) -157.990422420052 26.0708690781244 69.8818897637795 -17.8247400048446 26.4645698655264 81.1187664041995
wall(obstacle559685) -160.361123903126 34.6010527845958 69.8818897637795 -157.744359427926 35.0931787688477 81.1187664041995
wall(obstacle559862) -123.772318019986 26.2677194718255 69.8818897637795 -123.361228781141 43.7217877161948 81.1187664041995
wall(obstacle559941) -89.289635018478 26.2677194718254 69.8818897637795 -88.8959342310764 43.7217877161947 81.1187664041995
wall(obstacle560000) -54.8408161208435 26.2677194718253 69.8818897637795 -54.4471153334419 43.7217877161946 81.1187664041995
wall(obstacle560230) -156.350002472551 20.3622076640914 69.8818897637795 -90.7332045722787 20.7559084535117 81.1187664041995
wall(obstacle560346) -87.4523646772716 20.362207456527 69.8818897637795 -56.2843856746493 20.7559082439287 81.1187664041995
wall(obstacle560460) -53.0035457796362 20.3622074565269 69.8818897637795 -21.8355667770115 20.7559082439286 81.1187664041995
wall(obstacle560575) -146.7043331868 -2.62007580093398 69.8818897637795 -146.310632399398 20.5590580598109 81.1187664041995
wall(obstacle560704) -135.221393549741 -2.62007580093401 69.8818897637795 -134.827692762339 20.5590580598109 81.1187664041995
wall(obstacle560859) -123.747148141837 0.742785091454532 69.8818897637795 -123.336058902992 17.4750685560033 81.1187664041995
wall(obstacle560949) -112.255514289162 -2.62007580093409 69.8818897637795 -111.86181350176 20.5590580577923 81.1187664041995
wall(obstacle561045) -94.0796612707753 12.1929163251478 69.8818897637795 -93.6859604833737 20.5590580577922 81.1187664041995
wall(obstacle561102) -93.8828108770745 12.1929163251478 69.8818897637795 -88.8467216326512 12.5866171125494 81.1187664041995
wall(obstacle561155) -93.8828108770745 13.4724438841909 69.8818897637795 -88.8467216314877 13.8661446715925 81.1187664041995
wall(obstacle561241) -89.2404224188893 13.6692942778917 69.8818897637795 -88.8467216314877 17.4750685560033 81.1187664041995
wall(obstacle561304) -89.3388476169032 12.3897667188486 69.8818897637795 -88.8467216326512 13.6692942778917 81.1187664041995
wall(obstacle561548) -89.2895598311787 0.742785091552015 69.8818897637795 -88.8860165240921 12.3897667188486 81.1187664041995
wall(obstacle561657) -66.3237557551158 -2.62007580093424 69.8818897637795 -65.9300549670661 20.5590578502278 81.1187664041995
wall(obstacle561741) -43.3578764915112 -2.62007580093431 69.8818897637795 -42.9641757041096 20.5590578502277 81.1187664041995
wall(obstacle561909) -32.5557126075637 -2.62007580093435 69.8818897637795 -32.1620118201621 26.2677194718252 81.1187664041995
wall(obstacle561993) -19.9387725497986 0.742785091454699 69.8818897637795 -19.545071762397 17.4750685560032 81.1187664041995
wall(obstacle562053) -21.8355667770126 -4.09645381430567 69.8818897637795 -21.441865989611 -2.53805480355841 81.1187664041995
wall(obstacle573435) -19.7419221560978 12.0288725077787 69.8818897637795 -13.6662754405254 12.4225732951803 81.1187664041995
wall(obstacle573523) -14.059976227927 6.58268039900116 69.8818897637795 -13.6662754405254 12.2257229014795 81.1187664041995
wall(obstacle573572) -13.8631258342262 6.58268039900116 69.8818897637795 -10.4833919723707 6.97638118640274 81.1187664041995
wall(obstacle573715) -10.8770927597723 6.77953079270195 69.8818897637795 -10.4833919723707 20.7559087454579 81.1187664041995
wall(obstacle573788) -18.5547268819984 20.3622079580563 69.8818897637795 -10.6802423660715 20.7559087454579 81.1187664041995
wall(obstacle573874) -14.059976227927 15.9002654150291 69.8818897637795 -10.6802423660715 16.2939662024307 81.1187664041995
wall(obstacle573927) -14.059976227927 12.2257229014795 69.8818897637795 -13.6662754405254 16.0971158087299 81.1187664041995
wall(obstacle574004) -19.7419221560978 2.07152524242122 69.8818897637795 -16.5862229472083 2.4652260298228 81.1187664041995
wall(obstacle574087) -18.6203436798292 -4.09645381430568 69.8818897637795 -18.2266428924276 2.26837563612201 81.1187664041995
wall(obstacle574195) -11.1728380358264 3.23622340587649 69.8818897637795 -3.88660313786619 3.62992419327809 81.1187664041995
wall(obstacle574319) -6.41284985684297 -4.09645381430572 69.8818897637795 -6.01914906944137 3.43307379957729 81.1187664041995
wall(obstacle574417) 6.80893491908185 -4.09645381430577 69.8818897637795 7.20263570648345 6.77953079024654 81.1187664041995
wall(obstacle574628) -6.64527990311701 15.670606538566 69.8818897637795 21.0614148778995 16.0643073259677 81.1187664041995
wall(obstacle607409) 35.1230517702814 30.1552994258014 69.8818897637795 38.4038916652946 36.200462492065 81.6929133858268
wall(obstacle607438) 35.1230517702814 -5.49072362006509 69.8818897637795 38.4038916652945 15.3209040551768 81.6929133858268
wall(obstacle607461) 36.7634717177879 -7.13114356757165 69.8818897637795 37.9446140888201 -3.85030367255852 81.6929133858268
wall(obstacle607466) 36.763471717788 13.6804841076702 69.8818897637795 37.9446140888201 16.9613240026833 81.6929133858268
wall(obstacle607468) 36.763471717788 28.5148794782948 69.8818897637795 37.9905487085572 31.795719373308 81.6929133858268
wall(obstacle607471) 36.763471717788 34.5600425445584 69.8818897637795 37.9905487085572 37.8408824395715 81.6929133858268
wall(obstacle674264) 21.0614148778995 30.7624700788726 69.8818897637795 37.1211261639887 31.2545960631246 70.6036745406824
wall(obstacle674422) 21.3730960798883 -4.27689993972483 69.8818897637795 37.1145644222442 -3.78477395547281 70.6036745406824
wall(obstacle733538) 37.0817346226214 15.3209040551767 69.8818897637795 37.6722858037238 30.1552994258014 70.6036745406824
wall(obstacle733974) 36.3501287610506 30.1552994258014 69.8818897637795 39.6309686560638 36.200462492065 81.6929133858268
wall(obstacle734032) 36.3041941413135 -5.49072362006509 69.8818897637794 39.5850340363266 15.3209040551768 82.0201970764174
wall(obstacle771297) -17.8247400048446 30.7624700788726 69.8818897637795 21.0614148778995 31.2545960631247 70.8661417322835
wall(obstacle771298) -17.8247400048446 30.7624700788726 78.740157480315 21.0614148778995 31.2545960631247 81.1187664041995
wall(obstacle816186) -174.394621893104 -2.86203774319159 69.8818897637795 -171.113781998091 3.88861842476187 81.6929133858268
wall(obstacle816201) -174.394621893104 7.02559349037979 69.8818897637795 -171.113781998091 17.064963569197 81.6929133858268
wall(obstacle872141) -6.64527990311701 6.58268039654574 69.8818897637795 9.82453677963887 6.97638118394737 81.6929133858268
wall(obstacle872251) -6.645279903117 6.77953079024658 69.8818897637795 -6.25157911571543 15.8674569322669 81.6929133858268
wall(obstacle872576) 9.49645279013756 6.77953079024653 69.8818897637795 9.82453677963887 15.8674569322668 81.6929133858268
wall(obstacle876080) 3.49543825008472 0.843065869368165 69.8818897637795 3.65948024483538 6.77953079024655 79.7244094488189
wall(obstacle876081) 0.0380519325581336 0.761044871992837 69.8818897637795 0.202093927308799 6.77953079024656 79.7244094488189
wall(obstacle876082) 0.120072929933462 0.761044871992815 69.8818897637795 7.00578531278265 0.925086866743493 79.7244094488189
wall(obstacle876083) -18.9976388375366 10.2244083451175 70.8661417322835 -18.8335968427859 12.2257229014795 74.1469816272966
wall(obstacle876084) -16.4877963178515 10.2244083451175 70.8661417322835 -16.3237543231009 12.2257229014795 74.1469816272966
wall(obstacle876085) -11.1700662731434 -4.09645381430571 69.8818897637795 -11.0060242783927 3.4330737995792 79.7244094488189
wall(obstacle876086) -11.088045275768 -0.308564288579699 69.8818897637795 -6.21599946314217 -0.144522293829027 79.7244094488189
wall(obstacle876087) -12.81934997762 16.09711580873 69.8818897637795 -12.6553079828694 20.5590583517571 79.7244094488189
wall(obstacle917634) -158.236485412178 20.7559084510168 69.8818897637795 -157.744359427926 34.8471157767217 81.6929133858268
column(obstacle) -159.630842367558 43.721787716195 69.8818897637795 -156.350002472545 47.0026276112081 81.6929133858268
column(obstacle) -125.182023469921 43.7217877161948 69.8818897637795 -121.901183574907 47.0026276112079 81.6929133858268
column(obstacle) -90.7332045722847 43.7217877160874 69.8818897637795 -87.4523646772716 47.0026276111005 81.6929133858268
column(obstacle) -56.2843856746493 43.7217877160873 69.8818897637795 -53.0035457796362 47.0026276111005 81.6929133858268
column(obstacle) -21.8355667770115 43.7217877160873 69.8818897637795 -18.5547268819984 47.0026276111005 81.6929133858268
column(obstacle) -159.630842367558 17.4750685560037 69.8818897637795 -156.350002472545 20.7559084510168 81.6929133858268
column(obstacle) -125.182023469915 17.4750685560036 69.8818897637795 -121.901183574902 20.7559084510167 81.6929133858268
column(obstacle) -90.7332045722847 17.4750685560062 69.8818897637795 -87.4523646772716 20.7559084510194 81.6929133858268
column(obstacle) -56.2843856746493 17.4750685560032 69.8818897637795 -53.0035457796362 20.7559084510164 81.6929133858268
column(obstacle) -159.630842367558 -2.53805480355797 69.8818897637795 -156.350002472545 0.74278509145515 81.6929133858268
column(obstacle) -125.182023469921 -2.53805480355858 69.8818897637795 -121.901183574908 0.742785091454542 81.6929133858268
column(obstacle) -90.7332045722848 -2.5380548035586 69.8818897637795 -87.4523646772716 0.742785091454527 81.6929133858268
column(obstacle) -56.2843856746494 -2.53805480355561 69.8818897637795 -53.0035457796362 0.742785091457511 81.6929133858268
column(obstacle) 32.2982886296394 27.1535462462832 69.8818897637795 35.5791285246526 30.4343861412963 81.6929133858268
column(obstacle) 32.2982886296394 -2.53805480355561 69.8818897637795 35.5791285246525 0.742785091457511 81.6929133858268
column(obstacle) 12.6132506900932 -2.53805480355561 69.8818897637795 15.8940905851063 0.742785091457511 81.6929133858268
column(obstacle) 12.3343792990172 26.7926538578347 69.8818897637795 16.1729619761825 30.0078769549476 81.6929133858268
column(obstacle) -21.8355667770116 17.4750685560033 69.8818897637795 -18.5547268819984 20.7559084510164 81.6929133858268
column(obstacle) -21.8355667770116 -2.5380548035586 69.8818897637795 -18.5547268819985 0.742785091454527 81.6929133858268
column(obstacle) -171.687928980259 -1.30773984292801 69.8818897637795 -170.867719006506 -0.487529869174713 81.6929133858268
column(obstacle) -14.6177190092878 31.6647010991348 69.8818897637795 -14.2896350197865 33.6332050361426 81.6929133858268
column(obstacle) -8.05603921793372 31.6647010991283 69.8818897637795 -7.72795522843239 33.6332050361362 81.6929133858268
column(obstacle) -1.49435942615568 31.664701098968 69.8818897637795 -1.16627543665436 33.6332050359759 81.6929133858268
column(obstacle) 1.7864804671053 31.6647011006089 69.8818897637795 2.11456445660662 33.6332050376168 81.6929133858268
column(obstacle) 8.34816025753796 31.6647011003434 69.8818897637795 8.67624424703928 33.6332050373513 81.6929133858268
column(obstacle) 14.9098400475642 31.66470110105 69.8818897637795 15.2379240370655 33.6332050380579 81.6929133858268
stair(endpoint) -170.884123204245 -6.24549212467176 69.8818897637795 -161.041603522415 10.7903572699318 81.9116849820912
stair(endpoint) -32.2000090256396 -3.85039082217965 69.8818897637795 -19.9339851979132 12.463583793868 81.8792282082675
